1 3 5 7 9 11 13 15 17 19 
1 3 5 7 9 11 13 15 36 
1 3 5 7 9 11 13 16 35 
1 3 5 7 9 11 13 17 34 
1 3 5 7 9 11 13 18 33 
1 3 5 7 9 11 13 19 32 
1 3 5 7 9 11 13 20 31 
1 3 5 7 9 11 13 21 30 
1 3 5 7 9 11 13 22 29 
1 3 5 7 9 11 13 23 28 
1 3 5 7 9 11 13 24 27 
1 3 5 7 9 11 13 51 
1 3 5 7 9 11 14 16 34 
1 3 5 7 9 11 14 17 33 
1 3 5 7 9 11 14 18 32 
1 3 5 7 9 11 14 19 31 
1 3 5 7 9 11 14 20 30 
1 3 5 7 9 11 14 21 29 
1 3 5 7 9 11 14 22 28 
1 3 5 7 9 11 14 23 27 
1 3 5 7 9 11 14 24 26 
1 3 5 7 9 11 14 50 
1 3 5 7 9 11 15 17 32 
1 3 5 7 9 11 15 18 31 
1 3 5 7 9 11 15 19 30 
1 3 5 7 9 11 15 20 29 
1 3 5 7 9 11 15 21 28 
1 3 5 7 9 11 15 22 27 
1 3 5 7 9 11 15 23 26 
1 3 5 7 9 11 15 49 
1 3 5 7 9 11 16 18 30 
1 3 5 7 9 11 16 19 29 
1 3 5 7 9 11 16 20 28 
1 3 5 7 9 11 16 21 27 
1 3 5 7 9 11 16 22 26 
1 3 5 7 9 11 16 23 25 
1 3 5 7 9 11 16 48 
1 3 5 7 9 11 17 19 28 
1 3 5 7 9 11 17 20 27 
1 3 5 7 9 11 17 21 26 
1 3 5 7 9 11 17 22 25 
1 3 5 7 9 11 17 47 
1 3 5 7 9 11 18 20 26 
1 3 5 7 9 11 18 21 25 
1 3 5 7 9 11 18 22 24 
1 3 5 7 9 11 18 46 
1 3 5 7 9 11 19 21 24 
1 3 5 7 9 11 19 45 
1 3 5 7 9 11 20 44 
1 3 5 7 9 11 21 43 
1 3 5 7 9 11 22 42 
1 3 5 7 9 11 23 41 
1 3 5 7 9 11 24 40 
1 3 5 7 9 11 25 39 
1 3 5 7 9 11 26 38 
1 3 5 7 9 11 27 37 
1 3 5 7 9 11 28 36 
1 3 5 7 9 11 29 35 
1 3 5 7 9 11 30 34 
1 3 5 7 9 11 31 33 
1 3 5 7 9 11 64 
1 3 5 7 9 12 14 16 33 
1 3 5 7 9 12 14 17 32 
1 3 5 7 9 12 14 18 31 
1 3 5 7 9 12 14 19 30 
1 3 5 7 9 12 14 20 29 
1 3 5 7 9 12 14 21 28 
1 3 5 7 9 12 14 22 27 
1 3 5 7 9 12 14 23 26 
1 3 5 7 9 12 14 49 
1 3 5 7 9 12 15 17 31 
1 3 5 7 9 12 15 18 30 
1 3 5 7 9 12 15 19 29 
1 3 5 7 9 12 15 20 28 
1 3 5 7 9 12 15 21 27 
1 3 5 7 9 12 15 22 26 
1 3 5 7 9 12 15 23 25 
1 3 5 7 9 12 15 48 
1 3 5 7 9 12 16 18 29 
1 3 5 7 9 12 16 19 28 
1 3 5 7 9 12 16 20 27 
1 3 5 7 9 12 16 21 26 
1 3 5 7 9 12 16 22 25 
1 3 5 7 9 12 16 47 
1 3 5 7 9 12 17 19 27 
1 3 5 7 9 12 17 20 26 
1 3 5 7 9 12 17 21 25 
1 3 5 7 9 12 17 22 24 
1 3 5 7 9 12 17 46 
1 3 5 7 9 12 18 20 25 
1 3 5 7 9 12 18 21 24 
1 3 5 7 9 12 18 45 
1 3 5 7 9 12 19 21 23 
1 3 5 7 9 12 19 44 
1 3 5 7 9 12 20 43 
1 3 5 7 9 12 21 42 
1 3 5 7 9 12 22 41 
1 3 5 7 9 12 23 40 
1 3 5 7 9 12 24 39 
1 3 5 7 9 12 25 38 
1 3 5 7 9 12 26 37 
1 3 5 7 9 12 27 36 
1 3 5 7 9 12 28 35 
1 3 5 7 9 12 29 34 
1 3 5 7 9 12 30 33 
1 3 5 7 9 12 63 
1 3 5 7 9 13 15 17 30 
1 3 5 7 9 13 15 18 29 
1 3 5 7 9 13 15 19 28 
1 3 5 7 9 13 15 20 27 
1 3 5 7 9 13 15 21 26 
1 3 5 7 9 13 15 22 25 
1 3 5 7 9 13 15 47 
1 3 5 7 9 13 16 18 28 
1 3 5 7 9 13 16 19 27 
1 3 5 7 9 13 16 20 26 
1 3 5 7 9 13 16 21 25 
1 3 5 7 9 13 16 22 24 
1 3 5 7 9 13 16 46 
1 3 5 7 9 13 17 19 26 
1 3 5 7 9 13 17 20 25 
1 3 5 7 9 13 17 21 24 
1 3 5 7 9 13 17 45 
1 3 5 7 9 13 18 20 24 
1 3 5 7 9 13 18 21 23 
1 3 5 7 9 13 18 44 
1 3 5 7 9 13 19 43 
1 3 5 7 9 13 20 42 
1 3 5 7 9 13 21 41 
1 3 5 7 9 13 22 40 
1 3 5 7 9 13 23 39 
1 3 5 7 9 13 24 38 
1 3 5 7 9 13 25 37 
1 3 5 7 9 13 26 36 
1 3 5 7 9 13 27 35 
1 3 5 7 9 13 28 34 
1 3 5 7 9 13 29 33 
1 3 5 7 9 13 30 32 
1 3 5 7 9 13 62 
1 3 5 7 9 14 16 18 27 
1 3 5 7 9 14 16 19 26 
1 3 5 7 9 14 16 20 25 
1 3 5 7 9 14 16 21 24 
1 3 5 7 9 14 16 45 
1 3 5 7 9 14 17 19 25 
1 3 5 7 9 14 17 20 24 
1 3 5 7 9 14 17 21 23 
1 3 5 7 9 14 17 44 
1 3 5 7 9 14 18 20 23 
1 3 5 7 9 14 18 43 
1 3 5 7 9 14 19 42 
1 3 5 7 9 14 20 41 
1 3 5 7 9 14 21 40 
1 3 5 7 9 14 22 39 
1 3 5 7 9 14 23 38 
1 3 5 7 9 14 24 37 
1 3 5 7 9 14 25 36 
1 3 5 7 9 14 26 35 
1 3 5 7 9 14 27 34 
1 3 5 7 9 14 28 33 
1 3 5 7 9 14 29 32 
1 3 5 7 9 14 61 
1 3 5 7 9 15 17 19 24 
1 3 5 7 9 15 17 20 23 
1 3 5 7 9 15 17 43 
1 3 5 7 9 15 18 20 22 
1 3 5 7 9 15 18 42 
1 3 5 7 9 15 19 41 
1 3 5 7 9 15 20 40 
1 3 5 7 9 15 21 39 
1 3 5 7 9 15 22 38 
1 3 5 7 9 15 23 37 
1 3 5 7 9 15 24 36 
1 3 5 7 9 15 25 35 
1 3 5 7 9 15 26 34 
1 3 5 7 9 15 27 33 
1 3 5 7 9 15 28 32 
1 3 5 7 9 15 29 31 
1 3 5 7 9 15 60 
1 3 5 7 9 16 18 41 
1 3 5 7 9 16 19 40 
1 3 5 7 9 16 20 39 
1 3 5 7 9 16 21 38 
1 3 5 7 9 16 22 37 
1 3 5 7 9 16 23 36 
1 3 5 7 9 16 24 35 
1 3 5 7 9 16 25 34 
1 3 5 7 9 16 26 33 
1 3 5 7 9 16 27 32 
1 3 5 7 9 16 28 31 
1 3 5 7 9 16 59 
1 3 5 7 9 17 19 39 
1 3 5 7 9 17 20 38 
1 3 5 7 9 17 21 37 
1 3 5 7 9 17 22 36 
1 3 5 7 9 17 23 35 
1 3 5 7 9 17 24 34 
1 3 5 7 9 17 25 33 
1 3 5 7 9 17 26 32 
1 3 5 7 9 17 27 31 
1 3 5 7 9 17 28 30 
1 3 5 7 9 17 58 
1 3 5 7 9 18 20 37 
1 3 5 7 9 18 21 36 
1 3 5 7 9 18 22 35 
1 3 5 7 9 18 23 34 
1 3 5 7 9 18 24 33 
1 3 5 7 9 18 25 32 
1 3 5 7 9 18 26 31 
1 3 5 7 9 18 27 30 
1 3 5 7 9 18 57 
1 3 5 7 9 19 21 35 
1 3 5 7 9 19 22 34 
1 3 5 7 9 19 23 33 
1 3 5 7 9 19 24 32 
1 3 5 7 9 19 25 31 
1 3 5 7 9 19 26 30 
1 3 5 7 9 19 27 29 
1 3 5 7 9 19 56 
1 3 5 7 9 20 22 33 
1 3 5 7 9 20 23 32 
1 3 5 7 9 20 24 31 
1 3 5 7 9 20 25 30 
1 3 5 7 9 20 26 29 
1 3 5 7 9 20 55 
1 3 5 7 9 21 23 31 
1 3 5 7 9 21 24 30 
1 3 5 7 9 21 25 29 
1 3 5 7 9 21 26 28 
1 3 5 7 9 21 54 
1 3 5 7 9 22 24 29 
1 3 5 7 9 22 25 28 
1 3 5 7 9 22 53 
1 3 5 7 9 23 25 27 
1 3 5 7 9 23 52 
1 3 5 7 9 24 51 
1 3 5 7 9 25 50 
1 3 5 7 9 26 49 
1 3 5 7 9 27 48 
1 3 5 7 9 28 47 
1 3 5 7 9 29 46 
1 3 5 7 9 30 45 
1 3 5 7 9 31 44 
1 3 5 7 9 32 43 
1 3 5 7 9 33 42 
1 3 5 7 9 34 41 
1 3 5 7 9 35 40 
1 3 5 7 9 36 39 
1 3 5 7 9 75 
1 3 5 7 10 12 14 16 32 
1 3 5 7 10 12 14 17 31 
1 3 5 7 10 12 14 18 30 
1 3 5 7 10 12 14 19 29 
1 3 5 7 10 12 14 20 28 
1 3 5 7 10 12 14 21 27 
1 3 5 7 10 12 14 22 26 
1 3 5 7 10 12 14 23 25 
1 3 5 7 10 12 14 48 
1 3 5 7 10 12 15 17 30 
1 3 5 7 10 12 15 18 29 
1 3 5 7 10 12 15 19 28 
1 3 5 7 10 12 15 20 27 
1 3 5 7 10 12 15 21 26 
1 3 5 7 10 12 15 22 25 
1 3 5 7 10 12 15 47 
1 3 5 7 10 12 16 18 28 
1 3 5 7 10 12 16 19 27 
1 3 5 7 10 12 16 20 26 
1 3 5 7 10 12 16 21 25 
1 3 5 7 10 12 16 22 24 
1 3 5 7 10 12 16 46 
1 3 5 7 10 12 17 19 26 
1 3 5 7 10 12 17 20 25 
1 3 5 7 10 12 17 21 24 
1 3 5 7 10 12 17 45 
1 3 5 7 10 12 18 20 24 
1 3 5 7 10 12 18 21 23 
1 3 5 7 10 12 18 44 
1 3 5 7 10 12 19 43 
1 3 5 7 10 12 20 42 
1 3 5 7 10 12 21 41 
1 3 5 7 10 12 22 40 
1 3 5 7 10 12 23 39 
1 3 5 7 10 12 24 38 
1 3 5 7 10 12 25 37 
1 3 5 7 10 12 26 36 
1 3 5 7 10 12 27 35 
1 3 5 7 10 12 28 34 
1 3 5 7 10 12 29 33 
1 3 5 7 10 12 30 32 
1 3 5 7 10 12 62 
1 3 5 7 10 13 15 17 29 
1 3 5 7 10 13 15 18 28 
1 3 5 7 10 13 15 19 27 
1 3 5 7 10 13 15 20 26 
1 3 5 7 10 13 15 21 25 
1 3 5 7 10 13 15 22 24 
1 3 5 7 10 13 15 46 
1 3 5 7 10 13 16 18 27 
1 3 5 7 10 13 16 19 26 
1 3 5 7 10 13 16 20 25 
1 3 5 7 10 13 16 21 24 
1 3 5 7 10 13 16 45 
1 3 5 7 10 13 17 19 25 
1 3 5 7 10 13 17 20 24 
1 3 5 7 10 13 17 21 23 
1 3 5 7 10 13 17 44 
1 3 5 7 10 13 18 20 23 
1 3 5 7 10 13 18 43 
1 3 5 7 10 13 19 42 
1 3 5 7 10 13 20 41 
1 3 5 7 10 13 21 40 
1 3 5 7 10 13 22 39 
1 3 5 7 10 13 23 38 
1 3 5 7 10 13 24 37 
1 3 5 7 10 13 25 36 
1 3 5 7 10 13 26 35 
1 3 5 7 10 13 27 34 
1 3 5 7 10 13 28 33 
1 3 5 7 10 13 29 32 
1 3 5 7 10 13 61 
1 3 5 7 10 14 16 18 26 
1 3 5 7 10 14 16 19 25 
1 3 5 7 10 14 16 20 24 
1 3 5 7 10 14 16 21 23 
1 3 5 7 10 14 16 44 
1 3 5 7 10 14 17 19 24 
1 3 5 7 10 14 17 20 23 
1 3 5 7 10 14 17 43 
1 3 5 7 10 14 18 20 22 
1 3 5 7 10 14 18 42 
1 3 5 7 10 14 19 41 
1 3 5 7 10 14 20 40 
1 3 5 7 10 14 21 39 
1 3 5 7 10 14 22 38 
1 3 5 7 10 14 23 37 
1 3 5 7 10 14 24 36 
1 3 5 7 10 14 25 35 
1 3 5 7 10 14 26 34 
1 3 5 7 10 14 27 33 
1 3 5 7 10 14 28 32 
1 3 5 7 10 14 29 31 
1 3 5 7 10 14 60 
1 3 5 7 10 15 17 19 23 
1 3 5 7 10 15 17 20 22 
1 3 5 7 10 15 17 42 
1 3 5 7 10 15 18 41 
1 3 5 7 10 15 19 40 
1 3 5 7 10 15 20 39 
1 3 5 7 10 15 21 38 
1 3 5 7 10 15 22 37 
1 3 5 7 10 15 23 36 
1 3 5 7 10 15 24 35 
1 3 5 7 10 15 25 34 
1 3 5 7 10 15 26 33 
1 3 5 7 10 15 27 32 
1 3 5 7 10 15 28 31 
1 3 5 7 10 15 59 
1 3 5 7 10 16 18 40 
1 3 5 7 10 16 19 39 
1 3 5 7 10 16 20 38 
1 3 5 7 10 16 21 37 
1 3 5 7 10 16 22 36 
1 3 5 7 10 16 23 35 
1 3 5 7 10 16 24 34 
1 3 5 7 10 16 25 33 
1 3 5 7 10 16 26 32 
1 3 5 7 10 16 27 31 
1 3 5 7 10 16 28 30 
1 3 5 7 10 16 58 
1 3 5 7 10 17 19 38 
1 3 5 7 10 17 20 37 
1 3 5 7 10 17 21 36 
1 3 5 7 10 17 22 35 
1 3 5 7 10 17 23 34 
1 3 5 7 10 17 24 33 
1 3 5 7 10 17 25 32 
1 3 5 7 10 17 26 31 
1 3 5 7 10 17 27 30 
1 3 5 7 10 17 57 
1 3 5 7 10 18 20 36 
1 3 5 7 10 18 21 35 
1 3 5 7 10 18 22 34 
1 3 5 7 10 18 23 33 
1 3 5 7 10 18 24 32 
1 3 5 7 10 18 25 31 
1 3 5 7 10 18 26 30 
1 3 5 7 10 18 27 29 
1 3 5 7 10 18 56 
1 3 5 7 10 19 21 34 
1 3 5 7 10 19 22 33 
1 3 5 7 10 19 23 32 
1 3 5 7 10 19 24 31 
1 3 5 7 10 19 25 30 
1 3 5 7 10 19 26 29 
1 3 5 7 10 19 55 
1 3 5 7 10 20 22 32 
1 3 5 7 10 20 23 31 
1 3 5 7 10 20 24 30 
1 3 5 7 10 20 25 29 
1 3 5 7 10 20 26 28 
1 3 5 7 10 20 54 
1 3 5 7 10 21 23 30 
1 3 5 7 10 21 24 29 
1 3 5 7 10 21 25 28 
1 3 5 7 10 21 53 
1 3 5 7 10 22 24 28 
1 3 5 7 10 22 25 27 
1 3 5 7 10 22 52 
1 3 5 7 10 23 51 
1 3 5 7 10 24 50 
1 3 5 7 10 25 49 
1 3 5 7 10 26 48 
1 3 5 7 10 27 47 
1 3 5 7 10 28 46 
1 3 5 7 10 29 45 
1 3 5 7 10 30 44 
1 3 5 7 10 31 43 
1 3 5 7 10 32 42 
1 3 5 7 10 33 41 
1 3 5 7 10 34 40 
1 3 5 7 10 35 39 
1 3 5 7 10 36 38 
1 3 5 7 10 74 
1 3 5 7 11 13 15 17 28 
1 3 5 7 11 13 15 18 27 
1 3 5 7 11 13 15 19 26 
1 3 5 7 11 13 15 20 25 
1 3 5 7 11 13 15 21 24 
1 3 5 7 11 13 15 45 
1 3 5 7 11 13 16 18 26 
1 3 5 7 11 13 16 19 25 
1 3 5 7 11 13 16 20 24 
1 3 5 7 11 13 16 21 23 
1 3 5 7 11 13 16 44 
1 3 5 7 11 13 17 19 24 
1 3 5 7 11 13 17 20 23 
1 3 5 7 11 13 17 43 
1 3 5 7 11 13 18 20 22 
1 3 5 7 11 13 18 42 
1 3 5 7 11 13 19 41 
1 3 5 7 11 13 20 40 
1 3 5 7 11 13 21 39 
1 3 5 7 11 13 22 38 
1 3 5 7 11 13 23 37 
1 3 5 7 11 13 24 36 
1 3 5 7 11 13 25 35 
1 3 5 7 11 13 26 34 
1 3 5 7 11 13 27 33 
1 3 5 7 11 13 28 32 
1 3 5 7 11 13 29 31 
1 3 5 7 11 13 60 
1 3 5 7 11 14 16 18 25 
1 3 5 7 11 14 16 19 24 
1 3 5 7 11 14 16 20 23 
1 3 5 7 11 14 16 43 
1 3 5 7 11 14 17 19 23 
1 3 5 7 11 14 17 20 22 
1 3 5 7 11 14 17 42 
1 3 5 7 11 14 18 41 
1 3 5 7 11 14 19 40 
1 3 5 7 11 14 20 39 
1 3 5 7 11 14 21 38 
1 3 5 7 11 14 22 37 
1 3 5 7 11 14 23 36 
1 3 5 7 11 14 24 35 
1 3 5 7 11 14 25 34 
1 3 5 7 11 14 26 33 
1 3 5 7 11 14 27 32 
1 3 5 7 11 14 28 31 
1 3 5 7 11 14 59 
1 3 5 7 11 15 17 19 22 
1 3 5 7 11 15 17 41 
1 3 5 7 11 15 18 40 
1 3 5 7 11 15 19 39 
1 3 5 7 11 15 20 38 
1 3 5 7 11 15 21 37 
1 3 5 7 11 15 22 36 
1 3 5 7 11 15 23 35 
1 3 5 7 11 15 24 34 
1 3 5 7 11 15 25 33 
1 3 5 7 11 15 26 32 
1 3 5 7 11 15 27 31 
1 3 5 7 11 15 28 30 
1 3 5 7 11 15 58 
1 3 5 7 11 16 18 39 
1 3 5 7 11 16 19 38 
1 3 5 7 11 16 20 37 
1 3 5 7 11 16 21 36 
1 3 5 7 11 16 22 35 
1 3 5 7 11 16 23 34 
1 3 5 7 11 16 24 33 
1 3 5 7 11 16 25 32 
1 3 5 7 11 16 26 31 
1 3 5 7 11 16 27 30 
1 3 5 7 11 16 57 
1 3 5 7 11 17 19 37 
1 3 5 7 11 17 20 36 
1 3 5 7 11 17 21 35 
1 3 5 7 11 17 22 34 
1 3 5 7 11 17 23 33 
1 3 5 7 11 17 24 32 
1 3 5 7 11 17 25 31 
1 3 5 7 11 17 26 30 
1 3 5 7 11 17 27 29 
1 3 5 7 11 17 56 
1 3 5 7 11 18 20 35 
1 3 5 7 11 18 21 34 
1 3 5 7 11 18 22 33 
1 3 5 7 11 18 23 32 
1 3 5 7 11 18 24 31 
1 3 5 7 11 18 25 30 
1 3 5 7 11 18 26 29 
1 3 5 7 11 18 55 
1 3 5 7 11 19 21 33 
1 3 5 7 11 19 22 32 
1 3 5 7 11 19 23 31 
1 3 5 7 11 19 24 30 
1 3 5 7 11 19 25 29 
1 3 5 7 11 19 26 28 
1 3 5 7 11 19 54 
1 3 5 7 11 20 22 31 
1 3 5 7 11 20 23 30 
1 3 5 7 11 20 24 29 
1 3 5 7 11 20 25 28 
1 3 5 7 11 20 53 
1 3 5 7 11 21 23 29 
1 3 5 7 11 21 24 28 
1 3 5 7 11 21 25 27 
1 3 5 7 11 21 52 
1 3 5 7 11 22 24 27 
1 3 5 7 11 22 51 
1 3 5 7 11 23 50 
1 3 5 7 11 24 49 
1 3 5 7 11 25 48 
1 3 5 7 11 26 47 
1 3 5 7 11 27 46 
1 3 5 7 11 28 45 
1 3 5 7 11 29 44 
1 3 5 7 11 30 43 
1 3 5 7 11 31 42 
1 3 5 7 11 32 41 
1 3 5 7 11 33 40 
1 3 5 7 11 34 39 
1 3 5 7 11 35 38 
1 3 5 7 11 73 
1 3 5 7 12 14 16 18 24 
1 3 5 7 12 14 16 19 23 
1 3 5 7 12 14 16 20 22 
1 3 5 7 12 14 16 42 
1 3 5 7 12 14 17 19 22 
1 3 5 7 12 14 17 41 
1 3 5 7 12 14 18 40 
1 3 5 7 12 14 19 39 
1 3 5 7 12 14 20 38 
1 3 5 7 12 14 21 37 
1 3 5 7 12 14 22 36 
1 3 5 7 12 14 23 35 
1 3 5 7 12 14 24 34 
1 3 5 7 12 14 25 33 
1 3 5 7 12 14 26 32 
1 3 5 7 12 14 27 31 
1 3 5 7 12 14 28 30 
1 3 5 7 12 14 58 
1 3 5 7 12 15 17 19 21 
1 3 5 7 12 15 17 40 
1 3 5 7 12 15 18 39 
1 3 5 7 12 15 19 38 
1 3 5 7 12 15 20 37 
1 3 5 7 12 15 21 36 
1 3 5 7 12 15 22 35 
1 3 5 7 12 15 23 34 
1 3 5 7 12 15 24 33 
1 3 5 7 12 15 25 32 
1 3 5 7 12 15 26 31 
1 3 5 7 12 15 27 30 
1 3 5 7 12 15 57 
1 3 5 7 12 16 18 38 
1 3 5 7 12 16 19 37 
1 3 5 7 12 16 20 36 
1 3 5 7 12 16 21 35 
1 3 5 7 12 16 22 34 
1 3 5 7 12 16 23 33 
1 3 5 7 12 16 24 32 
1 3 5 7 12 16 25 31 
1 3 5 7 12 16 26 30 
1 3 5 7 12 16 27 29 
1 3 5 7 12 16 56 
1 3 5 7 12 17 19 36 
1 3 5 7 12 17 20 35 
1 3 5 7 12 17 21 34 
1 3 5 7 12 17 22 33 
1 3 5 7 12 17 23 32 
1 3 5 7 12 17 24 31 
1 3 5 7 12 17 25 30 
1 3 5 7 12 17 26 29 
1 3 5 7 12 17 55 
1 3 5 7 12 18 20 34 
1 3 5 7 12 18 21 33 
1 3 5 7 12 18 22 32 
1 3 5 7 12 18 23 31 
1 3 5 7 12 18 24 30 
1 3 5 7 12 18 25 29 
1 3 5 7 12 18 26 28 
1 3 5 7 12 18 54 
1 3 5 7 12 19 21 32 
1 3 5 7 12 19 22 31 
1 3 5 7 12 19 23 30 
1 3 5 7 12 19 24 29 
1 3 5 7 12 19 25 28 
1 3 5 7 12 19 53 
1 3 5 7 12 20 22 30 
1 3 5 7 12 20 23 29 
1 3 5 7 12 20 24 28 
1 3 5 7 12 20 25 27 
1 3 5 7 12 20 52 
1 3 5 7 12 21 23 28 
1 3 5 7 12 21 24 27 
1 3 5 7 12 21 51 
1 3 5 7 12 22 24 26 
1 3 5 7 12 22 50 
1 3 5 7 12 23 49 
1 3 5 7 12 24 48 
1 3 5 7 12 25 47 
1 3 5 7 12 26 46 
1 3 5 7 12 27 45 
1 3 5 7 12 28 44 
1 3 5 7 12 29 43 
1 3 5 7 12 30 42 
1 3 5 7 12 31 41 
1 3 5 7 12 32 40 
1 3 5 7 12 33 39 
1 3 5 7 12 34 38 
1 3 5 7 12 35 37 
1 3 5 7 12 72 
1 3 5 7 13 15 17 39 
1 3 5 7 13 15 18 38 
1 3 5 7 13 15 19 37 
1 3 5 7 13 15 20 36 
1 3 5 7 13 15 21 35 
1 3 5 7 13 15 22 34 
1 3 5 7 13 15 23 33 
1 3 5 7 13 15 24 32 
1 3 5 7 13 15 25 31 
1 3 5 7 13 15 26 30 
1 3 5 7 13 15 27 29 
1 3 5 7 13 15 56 
1 3 5 7 13 16 18 37 
1 3 5 7 13 16 19 36 
1 3 5 7 13 16 20 35 
1 3 5 7 13 16 21 34 
1 3 5 7 13 16 22 33 
1 3 5 7 13 16 23 32 
1 3 5 7 13 16 24 31 
1 3 5 7 13 16 25 30 
1 3 5 7 13 16 26 29 
1 3 5 7 13 16 55 
1 3 5 7 13 17 19 35 
1 3 5 7 13 17 20 34 
1 3 5 7 13 17 21 33 
1 3 5 7 13 17 22 32 
1 3 5 7 13 17 23 31 
1 3 5 7 13 17 24 30 
1 3 5 7 13 17 25 29 
1 3 5 7 13 17 26 28 
1 3 5 7 13 17 54 
1 3 5 7 13 18 20 33 
1 3 5 7 13 18 21 32 
1 3 5 7 13 18 22 31 
1 3 5 7 13 18 23 30 
1 3 5 7 13 18 24 29 
1 3 5 7 13 18 25 28 
1 3 5 7 13 18 53 
1 3 5 7 13 19 21 31 
1 3 5 7 13 19 22 30 
1 3 5 7 13 19 23 29 
1 3 5 7 13 19 24 28 
1 3 5 7 13 19 25 27 
1 3 5 7 13 19 52 
1 3 5 7 13 20 22 29 
1 3 5 7 13 20 23 28 
1 3 5 7 13 20 24 27 
1 3 5 7 13 20 51 
1 3 5 7 13 21 23 27 
1 3 5 7 13 21 24 26 
1 3 5 7 13 21 50 
1 3 5 7 13 22 49 
1 3 5 7 13 23 48 
1 3 5 7 13 24 47 
1 3 5 7 13 25 46 
1 3 5 7 13 26 45 
1 3 5 7 13 27 44 
1 3 5 7 13 28 43 
1 3 5 7 13 29 42 
1 3 5 7 13 30 41 
1 3 5 7 13 31 40 
1 3 5 7 13 32 39 
1 3 5 7 13 33 38 
1 3 5 7 13 34 37 
1 3 5 7 13 71 
1 3 5 7 14 16 18 36 
1 3 5 7 14 16 19 35 
1 3 5 7 14 16 20 34 
1 3 5 7 14 16 21 33 
1 3 5 7 14 16 22 32 
1 3 5 7 14 16 23 31 
1 3 5 7 14 16 24 30 
1 3 5 7 14 16 25 29 
1 3 5 7 14 16 26 28 
1 3 5 7 14 16 54 
1 3 5 7 14 17 19 34 
1 3 5 7 14 17 20 33 
1 3 5 7 14 17 21 32 
1 3 5 7 14 17 22 31 
1 3 5 7 14 17 23 30 
1 3 5 7 14 17 24 29 
1 3 5 7 14 17 25 28 
1 3 5 7 14 17 53 
1 3 5 7 14 18 20 32 
1 3 5 7 14 18 21 31 
1 3 5 7 14 18 22 30 
1 3 5 7 14 18 23 29 
1 3 5 7 14 18 24 28 
1 3 5 7 14 18 25 27 
1 3 5 7 14 18 52 
1 3 5 7 14 19 21 30 
1 3 5 7 14 19 22 29 
1 3 5 7 14 19 23 28 
1 3 5 7 14 19 24 27 
1 3 5 7 14 19 51 
1 3 5 7 14 20 22 28 
1 3 5 7 14 20 23 27 
1 3 5 7 14 20 24 26 
1 3 5 7 14 20 50 
1 3 5 7 14 21 23 26 
1 3 5 7 14 21 49 
1 3 5 7 14 22 48 
1 3 5 7 14 23 47 
1 3 5 7 14 24 46 
1 3 5 7 14 25 45 
1 3 5 7 14 26 44 
1 3 5 7 14 27 43 
1 3 5 7 14 28 42 
1 3 5 7 14 29 41 
1 3 5 7 14 30 40 
1 3 5 7 14 31 39 
1 3 5 7 14 32 38 
1 3 5 7 14 33 37 
1 3 5 7 14 34 36 
1 3 5 7 14 70 
1 3 5 7 15 17 19 33 
1 3 5 7 15 17 20 32 
1 3 5 7 15 17 21 31 
1 3 5 7 15 17 22 30 
1 3 5 7 15 17 23 29 
1 3 5 7 15 17 24 28 
1 3 5 7 15 17 25 27 
1 3 5 7 15 17 52 
1 3 5 7 15 18 20 31 
1 3 5 7 15 18 21 30 
1 3 5 7 15 18 22 29 
1 3 5 7 15 18 23 28 
1 3 5 7 15 18 24 27 
1 3 5 7 15 18 51 
1 3 5 7 15 19 21 29 
1 3 5 7 15 19 22 28 
1 3 5 7 15 19 23 27 
1 3 5 7 15 19 24 26 
1 3 5 7 15 19 50 
1 3 5 7 15 20 22 27 
1 3 5 7 15 20 23 26 
1 3 5 7 15 20 49 
1 3 5 7 15 21 23 25 
1 3 5 7 15 21 48 
1 3 5 7 15 22 47 
1 3 5 7 15 23 46 
1 3 5 7 15 24 45 
1 3 5 7 15 25 44 
1 3 5 7 15 26 43 
1 3 5 7 15 27 42 
1 3 5 7 15 28 41 
1 3 5 7 15 29 40 
1 3 5 7 15 30 39 
1 3 5 7 15 31 38 
1 3 5 7 15 32 37 
1 3 5 7 15 33 36 
1 3 5 7 15 69 
1 3 5 7 16 18 20 30 
1 3 5 7 16 18 21 29 
1 3 5 7 16 18 22 28 
1 3 5 7 16 18 23 27 
1 3 5 7 16 18 24 26 
1 3 5 7 16 18 50 
1 3 5 7 16 19 21 28 
1 3 5 7 16 19 22 27 
1 3 5 7 16 19 23 26 
1 3 5 7 16 19 49 
1 3 5 7 16 20 22 26 
1 3 5 7 16 20 23 25 
1 3 5 7 16 20 48 
1 3 5 7 16 21 47 
1 3 5 7 16 22 46 
1 3 5 7 16 23 45 
1 3 5 7 16 24 44 
1 3 5 7 16 25 43 
1 3 5 7 16 26 42 
1 3 5 7 16 27 41 
1 3 5 7 16 28 40 
1 3 5 7 16 29 39 
1 3 5 7 16 30 38 
1 3 5 7 16 31 37 
1 3 5 7 16 32 36 
1 3 5 7 16 33 35 
1 3 5 7 16 68 
1 3 5 7 17 19 21 27 
1 3 5 7 17 19 22 26 
1 3 5 7 17 19 23 25 
1 3 5 7 17 19 48 
1 3 5 7 17 20 22 25 
1 3 5 7 17 20 47 
1 3 5 7 17 21 46 
1 3 5 7 17 22 45 
1 3 5 7 17 23 44 
1 3 5 7 17 24 43 
1 3 5 7 17 25 42 
1 3 5 7 17 26 41 
1 3 5 7 17 27 40 
1 3 5 7 17 28 39 
1 3 5 7 17 29 38 
1 3 5 7 17 30 37 
1 3 5 7 17 31 36 
1 3 5 7 17 32 35 
1 3 5 7 17 67 
1 3 5 7 18 20 22 24 
1 3 5 7 18 20 46 
1 3 5 7 18 21 45 
1 3 5 7 18 22 44 
1 3 5 7 18 23 43 
1 3 5 7 18 24 42 
1 3 5 7 18 25 41 
1 3 5 7 18 26 40 
1 3 5 7 18 27 39 
1 3 5 7 18 28 38 
1 3 5 7 18 29 37 
1 3 5 7 18 30 36 
1 3 5 7 18 31 35 
1 3 5 7 18 32 34 
1 3 5 7 18 66 
1 3 5 7 19 21 44 
1 3 5 7 19 22 43 
1 3 5 7 19 23 42 
1 3 5 7 19 24 41 
1 3 5 7 19 25 40 
1 3 5 7 19 26 39 
1 3 5 7 19 27 38 
1 3 5 7 19 28 37 
1 3 5 7 19 29 36 
1 3 5 7 19 30 35 
1 3 5 7 19 31 34 
1 3 5 7 19 65 
1 3 5 7 20 22 42 
1 3 5 7 20 23 41 
1 3 5 7 20 24 40 
1 3 5 7 20 25 39 
1 3 5 7 20 26 38 
1 3 5 7 20 27 37 
1 3 5 7 20 28 36 
1 3 5 7 20 29 35 
1 3 5 7 20 30 34 
1 3 5 7 20 31 33 
1 3 5 7 20 64 
1 3 5 7 21 23 40 
1 3 5 7 21 24 39 
1 3 5 7 21 25 38 
1 3 5 7 21 26 37 
1 3 5 7 21 27 36 
1 3 5 7 21 28 35 
1 3 5 7 21 29 34 
1 3 5 7 21 30 33 
1 3 5 7 21 63 
1 3 5 7 22 24 38 
1 3 5 7 22 25 37 
1 3 5 7 22 26 36 
1 3 5 7 22 27 35 
1 3 5 7 22 28 34 
1 3 5 7 22 29 33 
1 3 5 7 22 30 32 
1 3 5 7 22 62 
1 3 5 7 23 25 36 
1 3 5 7 23 26 35 
1 3 5 7 23 27 34 
1 3 5 7 23 28 33 
1 3 5 7 23 29 32 
1 3 5 7 23 61 
1 3 5 7 24 26 34 
1 3 5 7 24 27 33 
1 3 5 7 24 28 32 
1 3 5 7 24 29 31 
1 3 5 7 24 60 
1 3 5 7 25 27 32 
1 3 5 7 25 28 31 
1 3 5 7 25 59 
1 3 5 7 26 28 30 
1 3 5 7 26 58 
1 3 5 7 27 57 
1 3 5 7 28 56 
1 3 5 7 29 55 
1 3 5 7 30 54 
1 3 5 7 31 53 
1 3 5 7 32 52 
1 3 5 7 33 51 
1 3 5 7 34 50 
1 3 5 7 35 49 
1 3 5 7 36 48 
1 3 5 7 37 47 
1 3 5 7 38 46 
1 3 5 7 39 45 
1 3 5 7 40 44 
1 3 5 7 41 43 
1 3 5 7 84 
1 3 5 8 10 12 14 16 31 
1 3 5 8 10 12 14 17 30 
1 3 5 8 10 12 14 18 29 
1 3 5 8 10 12 14 19 28 
1 3 5 8 10 12 14 20 27 
1 3 5 8 10 12 14 21 26 
1 3 5 8 10 12 14 22 25 
1 3 5 8 10 12 14 47 
1 3 5 8 10 12 15 17 29 
1 3 5 8 10 12 15 18 28 
1 3 5 8 10 12 15 19 27 
1 3 5 8 10 12 15 20 26 
1 3 5 8 10 12 15 21 25 
1 3 5 8 10 12 15 22 24 
1 3 5 8 10 12 15 46 
1 3 5 8 10 12 16 18 27 
1 3 5 8 10 12 16 19 26 
1 3 5 8 10 12 16 20 25 
1 3 5 8 10 12 16 21 24 
1 3 5 8 10 12 16 45 
1 3 5 8 10 12 17 19 25 
1 3 5 8 10 12 17 20 24 
1 3 5 8 10 12 17 21 23 
1 3 5 8 10 12 17 44 
1 3 5 8 10 12 18 20 23 
1 3 5 8 10 12 18 43 
1 3 5 8 10 12 19 42 
1 3 5 8 10 12 20 41 
1 3 5 8 10 12 21 40 
1 3 5 8 10 12 22 39 
1 3 5 8 10 12 23 38 
1 3 5 8 10 12 24 37 
1 3 5 8 10 12 25 36 
1 3 5 8 10 12 26 35 
1 3 5 8 10 12 27 34 
1 3 5 8 10 12 28 33 
1 3 5 8 10 12 29 32 
1 3 5 8 10 12 61 
1 3 5 8 10 13 15 17 28 
1 3 5 8 10 13 15 18 27 
1 3 5 8 10 13 15 19 26 
1 3 5 8 10 13 15 20 25 
1 3 5 8 10 13 15 21 24 
1 3 5 8 10 13 15 45 
1 3 5 8 10 13 16 18 26 
1 3 5 8 10 13 16 19 25 
1 3 5 8 10 13 16 20 24 
1 3 5 8 10 13 16 21 23 
1 3 5 8 10 13 16 44 
1 3 5 8 10 13 17 19 24 
1 3 5 8 10 13 17 20 23 
1 3 5 8 10 13 17 43 
1 3 5 8 10 13 18 20 22 
1 3 5 8 10 13 18 42 
1 3 5 8 10 13 19 41 
1 3 5 8 10 13 20 40 
1 3 5 8 10 13 21 39 
1 3 5 8 10 13 22 38 
1 3 5 8 10 13 23 37 
1 3 5 8 10 13 24 36 
1 3 5 8 10 13 25 35 
1 3 5 8 10 13 26 34 
1 3 5 8 10 13 27 33 
1 3 5 8 10 13 28 32 
1 3 5 8 10 13 29 31 
1 3 5 8 10 13 60 
1 3 5 8 10 14 16 18 25 
1 3 5 8 10 14 16 19 24 
1 3 5 8 10 14 16 20 23 
1 3 5 8 10 14 16 43 
1 3 5 8 10 14 17 19 23 
1 3 5 8 10 14 17 20 22 
1 3 5 8 10 14 17 42 
1 3 5 8 10 14 18 41 
1 3 5 8 10 14 19 40 
1 3 5 8 10 14 20 39 
1 3 5 8 10 14 21 38 
1 3 5 8 10 14 22 37 
1 3 5 8 10 14 23 36 
1 3 5 8 10 14 24 35 
1 3 5 8 10 14 25 34 
1 3 5 8 10 14 26 33 
1 3 5 8 10 14 27 32 
1 3 5 8 10 14 28 31 
1 3 5 8 10 14 59 
1 3 5 8 10 15 17 19 22 
1 3 5 8 10 15 17 41 
1 3 5 8 10 15 18 40 
1 3 5 8 10 15 19 39 
1 3 5 8 10 15 20 38 
1 3 5 8 10 15 21 37 
1 3 5 8 10 15 22 36 
1 3 5 8 10 15 23 35 
1 3 5 8 10 15 24 34 
1 3 5 8 10 15 25 33 
1 3 5 8 10 15 26 32 
1 3 5 8 10 15 27 31 
1 3 5 8 10 15 28 30 
1 3 5 8 10 15 58 
1 3 5 8 10 16 18 39 
1 3 5 8 10 16 19 38 
1 3 5 8 10 16 20 37 
1 3 5 8 10 16 21 36 
1 3 5 8 10 16 22 35 
1 3 5 8 10 16 23 34 
1 3 5 8 10 16 24 33 
1 3 5 8 10 16 25 32 
1 3 5 8 10 16 26 31 
1 3 5 8 10 16 27 30 
1 3 5 8 10 16 57 
1 3 5 8 10 17 19 37 
1 3 5 8 10 17 20 36 
1 3 5 8 10 17 21 35 
1 3 5 8 10 17 22 34 
1 3 5 8 10 17 23 33 
1 3 5 8 10 17 24 32 
1 3 5 8 10 17 25 31 
1 3 5 8 10 17 26 30 
1 3 5 8 10 17 27 29 
1 3 5 8 10 17 56 
1 3 5 8 10 18 20 35 
1 3 5 8 10 18 21 34 
1 3 5 8 10 18 22 33 
1 3 5 8 10 18 23 32 
1 3 5 8 10 18 24 31 
1 3 5 8 10 18 25 30 
1 3 5 8 10 18 26 29 
1 3 5 8 10 18 55 
1 3 5 8 10 19 21 33 
1 3 5 8 10 19 22 32 
1 3 5 8 10 19 23 31 
1 3 5 8 10 19 24 30 
1 3 5 8 10 19 25 29 
1 3 5 8 10 19 26 28 
1 3 5 8 10 19 54 
1 3 5 8 10 20 22 31 
1 3 5 8 10 20 23 30 
1 3 5 8 10 20 24 29 
1 3 5 8 10 20 25 28 
1 3 5 8 10 20 53 
1 3 5 8 10 21 23 29 
1 3 5 8 10 21 24 28 
1 3 5 8 10 21 25 27 
1 3 5 8 10 21 52 
1 3 5 8 10 22 24 27 
1 3 5 8 10 22 51 
1 3 5 8 10 23 50 
1 3 5 8 10 24 49 
1 3 5 8 10 25 48 
1 3 5 8 10 26 47 
1 3 5 8 10 27 46 
1 3 5 8 10 28 45 
1 3 5 8 10 29 44 
1 3 5 8 10 30 43 
1 3 5 8 10 31 42 
1 3 5 8 10 32 41 
1 3 5 8 10 33 40 
1 3 5 8 10 34 39 
1 3 5 8 10 35 38 
1 3 5 8 10 73 
1 3 5 8 11 13 15 17 27 
1 3 5 8 11 13 15 18 26 
1 3 5 8 11 13 15 19 25 
1 3 5 8 11 13 15 20 24 
1 3 5 8 11 13 15 21 23 
1 3 5 8 11 13 15 44 
1 3 5 8 11 13 16 18 25 
1 3 5 8 11 13 16 19 24 
1 3 5 8 11 13 16 20 23 
1 3 5 8 11 13 16 43 
1 3 5 8 11 13 17 19 23 
1 3 5 8 11 13 17 20 22 
1 3 5 8 11 13 17 42 
1 3 5 8 11 13 18 41 
1 3 5 8 11 13 19 40 
1 3 5 8 11 13 20 39 
1 3 5 8 11 13 21 38 
1 3 5 8 11 13 22 37 
1 3 5 8 11 13 23 36 
1 3 5 8 11 13 24 35 
1 3 5 8 11 13 25 34 
1 3 5 8 11 13 26 33 
1 3 5 8 11 13 27 32 
1 3 5 8 11 13 28 31 
1 3 5 8 11 13 59 
1 3 5 8 11 14 16 18 24 
1 3 5 8 11 14 16 19 23 
1 3 5 8 11 14 16 20 22 
1 3 5 8 11 14 16 42 
1 3 5 8 11 14 17 19 22 
1 3 5 8 11 14 17 41 
1 3 5 8 11 14 18 40 
1 3 5 8 11 14 19 39 
1 3 5 8 11 14 20 38 
1 3 5 8 11 14 21 37 
1 3 5 8 11 14 22 36 
1 3 5 8 11 14 23 35 
1 3 5 8 11 14 24 34 
1 3 5 8 11 14 25 33 
1 3 5 8 11 14 26 32 
1 3 5 8 11 14 27 31 
1 3 5 8 11 14 28 30 
1 3 5 8 11 14 58 
1 3 5 8 11 15 17 19 21 
1 3 5 8 11 15 17 40 
1 3 5 8 11 15 18 39 
1 3 5 8 11 15 19 38 
1 3 5 8 11 15 20 37 
1 3 5 8 11 15 21 36 
1 3 5 8 11 15 22 35 
1 3 5 8 11 15 23 34 
1 3 5 8 11 15 24 33 
1 3 5 8 11 15 25 32 
1 3 5 8 11 15 26 31 
1 3 5 8 11 15 27 30 
1 3 5 8 11 15 57 
1 3 5 8 11 16 18 38 
1 3 5 8 11 16 19 37 
1 3 5 8 11 16 20 36 
1 3 5 8 11 16 21 35 
1 3 5 8 11 16 22 34 
1 3 5 8 11 16 23 33 
1 3 5 8 11 16 24 32 
1 3 5 8 11 16 25 31 
1 3 5 8 11 16 26 30 
1 3 5 8 11 16 27 29 
1 3 5 8 11 16 56 
1 3 5 8 11 17 19 36 
1 3 5 8 11 17 20 35 
1 3 5 8 11 17 21 34 
1 3 5 8 11 17 22 33 
1 3 5 8 11 17 23 32 
1 3 5 8 11 17 24 31 
1 3 5 8 11 17 25 30 
1 3 5 8 11 17 26 29 
1 3 5 8 11 17 55 
1 3 5 8 11 18 20 34 
1 3 5 8 11 18 21 33 
1 3 5 8 11 18 22 32 
1 3 5 8 11 18 23 31 
1 3 5 8 11 18 24 30 
1 3 5 8 11 18 25 29 
1 3 5 8 11 18 26 28 
1 3 5 8 11 18 54 
1 3 5 8 11 19 21 32 
1 3 5 8 11 19 22 31 
1 3 5 8 11 19 23 30 
1 3 5 8 11 19 24 29 
1 3 5 8 11 19 25 28 
1 3 5 8 11 19 53 
1 3 5 8 11 20 22 30 
1 3 5 8 11 20 23 29 
1 3 5 8 11 20 24 28 
1 3 5 8 11 20 25 27 
1 3 5 8 11 20 52 
1 3 5 8 11 21 23 28 
1 3 5 8 11 21 24 27 
1 3 5 8 11 21 51 
1 3 5 8 11 22 24 26 
1 3 5 8 11 22 50 
1 3 5 8 11 23 49 
1 3 5 8 11 24 48 
1 3 5 8 11 25 47 
1 3 5 8 11 26 46 
1 3 5 8 11 27 45 
1 3 5 8 11 28 44 
1 3 5 8 11 29 43 
1 3 5 8 11 30 42 
1 3 5 8 11 31 41 
1 3 5 8 11 32 40 
1 3 5 8 11 33 39 
1 3 5 8 11 34 38 
1 3 5 8 11 35 37 
1 3 5 8 11 72 
1 3 5 8 12 14 16 18 23 
1 3 5 8 12 14 16 19 22 
1 3 5 8 12 14 16 41 
1 3 5 8 12 14 17 19 21 
1 3 5 8 12 14 17 40 
1 3 5 8 12 14 18 39 
1 3 5 8 12 14 19 38 
1 3 5 8 12 14 20 37 
1 3 5 8 12 14 21 36 
1 3 5 8 12 14 22 35 
1 3 5 8 12 14 23 34 
1 3 5 8 12 14 24 33 
1 3 5 8 12 14 25 32 
1 3 5 8 12 14 26 31 
1 3 5 8 12 14 27 30 
1 3 5 8 12 14 57 
1 3 5 8 12 15 17 39 
1 3 5 8 12 15 18 38 
1 3 5 8 12 15 19 37 
1 3 5 8 12 15 20 36 
1 3 5 8 12 15 21 35 
1 3 5 8 12 15 22 34 
1 3 5 8 12 15 23 33 
1 3 5 8 12 15 24 32 
1 3 5 8 12 15 25 31 
1 3 5 8 12 15 26 30 
1 3 5 8 12 15 27 29 
1 3 5 8 12 15 56 
1 3 5 8 12 16 18 37 
1 3 5 8 12 16 19 36 
1 3 5 8 12 16 20 35 
1 3 5 8 12 16 21 34 
1 3 5 8 12 16 22 33 
1 3 5 8 12 16 23 32 
1 3 5 8 12 16 24 31 
1 3 5 8 12 16 25 30 
1 3 5 8 12 16 26 29 
1 3 5 8 12 16 55 
1 3 5 8 12 17 19 35 
1 3 5 8 12 17 20 34 
1 3 5 8 12 17 21 33 
1 3 5 8 12 17 22 32 
1 3 5 8 12 17 23 31 
1 3 5 8 12 17 24 30 
1 3 5 8 12 17 25 29 
1 3 5 8 12 17 26 28 
1 3 5 8 12 17 54 
1 3 5 8 12 18 20 33 
1 3 5 8 12 18 21 32 
1 3 5 8 12 18 22 31 
1 3 5 8 12 18 23 30 
1 3 5 8 12 18 24 29 
1 3 5 8 12 18 25 28 
1 3 5 8 12 18 53 
1 3 5 8 12 19 21 31 
1 3 5 8 12 19 22 30 
1 3 5 8 12 19 23 29 
1 3 5 8 12 19 24 28 
1 3 5 8 12 19 25 27 
1 3 5 8 12 19 52 
1 3 5 8 12 20 22 29 
1 3 5 8 12 20 23 28 
1 3 5 8 12 20 24 27 
1 3 5 8 12 20 51 
1 3 5 8 12 21 23 27 
1 3 5 8 12 21 24 26 
1 3 5 8 12 21 50 
1 3 5 8 12 22 49 
1 3 5 8 12 23 48 
1 3 5 8 12 24 47 
1 3 5 8 12 25 46 
1 3 5 8 12 26 45 
1 3 5 8 12 27 44 
1 3 5 8 12 28 43 
1 3 5 8 12 29 42 
1 3 5 8 12 30 41 
1 3 5 8 12 31 40 
1 3 5 8 12 32 39 
1 3 5 8 12 33 38 
1 3 5 8 12 34 37 
1 3 5 8 12 71 
1 3 5 8 13 15 17 38 
1 3 5 8 13 15 18 37 
1 3 5 8 13 15 19 36 
1 3 5 8 13 15 20 35 
1 3 5 8 13 15 21 34 
1 3 5 8 13 15 22 33 
1 3 5 8 13 15 23 32 
1 3 5 8 13 15 24 31 
1 3 5 8 13 15 25 30 
1 3 5 8 13 15 26 29 
1 3 5 8 13 15 55 
1 3 5 8 13 16 18 36 
1 3 5 8 13 16 19 35 
1 3 5 8 13 16 20 34 
1 3 5 8 13 16 21 33 
1 3 5 8 13 16 22 32 
1 3 5 8 13 16 23 31 
1 3 5 8 13 16 24 30 
1 3 5 8 13 16 25 29 
1 3 5 8 13 16 26 28 
1 3 5 8 13 16 54 
1 3 5 8 13 17 19 34 
1 3 5 8 13 17 20 33 
1 3 5 8 13 17 21 32 
1 3 5 8 13 17 22 31 
1 3 5 8 13 17 23 30 
1 3 5 8 13 17 24 29 
1 3 5 8 13 17 25 28 
1 3 5 8 13 17 53 
1 3 5 8 13 18 20 32 
1 3 5 8 13 18 21 31 
1 3 5 8 13 18 22 30 
1 3 5 8 13 18 23 29 
1 3 5 8 13 18 24 28 
1 3 5 8 13 18 25 27 
1 3 5 8 13 18 52 
1 3 5 8 13 19 21 30 
1 3 5 8 13 19 22 29 
1 3 5 8 13 19 23 28 
1 3 5 8 13 19 24 27 
1 3 5 8 13 19 51 
1 3 5 8 13 20 22 28 
1 3 5 8 13 20 23 27 
1 3 5 8 13 20 24 26 
1 3 5 8 13 20 50 
1 3 5 8 13 21 23 26 
1 3 5 8 13 21 49 
1 3 5 8 13 22 48 
1 3 5 8 13 23 47 
1 3 5 8 13 24 46 
1 3 5 8 13 25 45 
1 3 5 8 13 26 44 
1 3 5 8 13 27 43 
1 3 5 8 13 28 42 
1 3 5 8 13 29 41 
1 3 5 8 13 30 40 
1 3 5 8 13 31 39 
1 3 5 8 13 32 38 
1 3 5 8 13 33 37 
1 3 5 8 13 34 36 
1 3 5 8 13 70 
1 3 5 8 14 16 18 35 
1 3 5 8 14 16 19 34 
1 3 5 8 14 16 20 33 
1 3 5 8 14 16 21 32 
1 3 5 8 14 16 22 31 
1 3 5 8 14 16 23 30 
1 3 5 8 14 16 24 29 
1 3 5 8 14 16 25 28 
1 3 5 8 14 16 53 
1 3 5 8 14 17 19 33 
1 3 5 8 14 17 20 32 
1 3 5 8 14 17 21 31 
1 3 5 8 14 17 22 30 
1 3 5 8 14 17 23 29 
1 3 5 8 14 17 24 28 
1 3 5 8 14 17 25 27 
1 3 5 8 14 17 52 
1 3 5 8 14 18 20 31 
1 3 5 8 14 18 21 30 
1 3 5 8 14 18 22 29 
1 3 5 8 14 18 23 28 
1 3 5 8 14 18 24 27 
1 3 5 8 14 18 51 
1 3 5 8 14 19 21 29 
1 3 5 8 14 19 22 28 
1 3 5 8 14 19 23 27 
1 3 5 8 14 19 24 26 
1 3 5 8 14 19 50 
1 3 5 8 14 20 22 27 
1 3 5 8 14 20 23 26 
1 3 5 8 14 20 49 
1 3 5 8 14 21 23 25 
1 3 5 8 14 21 48 
1 3 5 8 14 22 47 
1 3 5 8 14 23 46 
1 3 5 8 14 24 45 
1 3 5 8 14 25 44 
1 3 5 8 14 26 43 
1 3 5 8 14 27 42 
1 3 5 8 14 28 41 
1 3 5 8 14 29 40 
1 3 5 8 14 30 39 
1 3 5 8 14 31 38 
1 3 5 8 14 32 37 
1 3 5 8 14 33 36 
1 3 5 8 14 69 
1 3 5 8 15 17 19 32 
1 3 5 8 15 17 20 31 
1 3 5 8 15 17 21 30 
1 3 5 8 15 17 22 29 
1 3 5 8 15 17 23 28 
1 3 5 8 15 17 24 27 
1 3 5 8 15 17 51 
1 3 5 8 15 18 20 30 
1 3 5 8 15 18 21 29 
1 3 5 8 15 18 22 28 
1 3 5 8 15 18 23 27 
1 3 5 8 15 18 24 26 
1 3 5 8 15 18 50 
1 3 5 8 15 19 21 28 
1 3 5 8 15 19 22 27 
1 3 5 8 15 19 23 26 
1 3 5 8 15 19 49 
1 3 5 8 15 20 22 26 
1 3 5 8 15 20 23 25 
1 3 5 8 15 20 48 
1 3 5 8 15 21 47 
1 3 5 8 15 22 46 
1 3 5 8 15 23 45 
1 3 5 8 15 24 44 
1 3 5 8 15 25 43 
1 3 5 8 15 26 42 
1 3 5 8 15 27 41 
1 3 5 8 15 28 40 
1 3 5 8 15 29 39 
1 3 5 8 15 30 38 
1 3 5 8 15 31 37 
1 3 5 8 15 32 36 
1 3 5 8 15 33 35 
1 3 5 8 15 68 
1 3 5 8 16 18 20 29 
1 3 5 8 16 18 21 28 
1 3 5 8 16 18 22 27 
1 3 5 8 16 18 23 26 
1 3 5 8 16 18 49 
1 3 5 8 16 19 21 27 
1 3 5 8 16 19 22 26 
1 3 5 8 16 19 23 25 
1 3 5 8 16 19 48 
1 3 5 8 16 20 22 25 
1 3 5 8 16 20 47 
1 3 5 8 16 21 46 
1 3 5 8 16 22 45 
1 3 5 8 16 23 44 
1 3 5 8 16 24 43 
1 3 5 8 16 25 42 
1 3 5 8 16 26 41 
1 3 5 8 16 27 40 
1 3 5 8 16 28 39 
1 3 5 8 16 29 38 
1 3 5 8 16 30 37 
1 3 5 8 16 31 36 
1 3 5 8 16 32 35 
1 3 5 8 16 67 
1 3 5 8 17 19 21 26 
1 3 5 8 17 19 22 25 
1 3 5 8 17 19 47 
1 3 5 8 17 20 22 24 
1 3 5 8 17 20 46 
1 3 5 8 17 21 45 
1 3 5 8 17 22 44 
1 3 5 8 17 23 43 
1 3 5 8 17 24 42 
1 3 5 8 17 25 41 
1 3 5 8 17 26 40 
1 3 5 8 17 27 39 
1 3 5 8 17 28 38 
1 3 5 8 17 29 37 
1 3 5 8 17 30 36 
1 3 5 8 17 31 35 
1 3 5 8 17 32 34 
1 3 5 8 17 66 
1 3 5 8 18 20 45 
1 3 5 8 18 21 44 
1 3 5 8 18 22 43 
1 3 5 8 18 23 42 
1 3 5 8 18 24 41 
1 3 5 8 18 25 40 
1 3 5 8 18 26 39 
1 3 5 8 18 27 38 
1 3 5 8 18 28 37 
1 3 5 8 18 29 36 
1 3 5 8 18 30 35 
1 3 5 8 18 31 34 
1 3 5 8 18 65 
1 3 5 8 19 21 43 
1 3 5 8 19 22 42 
1 3 5 8 19 23 41 
1 3 5 8 19 24 40 
1 3 5 8 19 25 39 
1 3 5 8 19 26 38 
1 3 5 8 19 27 37 
1 3 5 8 19 28 36 
1 3 5 8 19 29 35 
1 3 5 8 19 30 34 
1 3 5 8 19 31 33 
1 3 5 8 19 64 
1 3 5 8 20 22 41 
1 3 5 8 20 23 40 
1 3 5 8 20 24 39 
1 3 5 8 20 25 38 
1 3 5 8 20 26 37 
1 3 5 8 20 27 36 
1 3 5 8 20 28 35 
1 3 5 8 20 29 34 
1 3 5 8 20 30 33 
1 3 5 8 20 63 
1 3 5 8 21 23 39 
1 3 5 8 21 24 38 
1 3 5 8 21 25 37 
1 3 5 8 21 26 36 
1 3 5 8 21 27 35 
1 3 5 8 21 28 34 
1 3 5 8 21 29 33 
1 3 5 8 21 30 32 
1 3 5 8 21 62 
1 3 5 8 22 24 37 
1 3 5 8 22 25 36 
1 3 5 8 22 26 35 
1 3 5 8 22 27 34 
1 3 5 8 22 28 33 
1 3 5 8 22 29 32 
1 3 5 8 22 61 
1 3 5 8 23 25 35 
1 3 5 8 23 26 34 
1 3 5 8 23 27 33 
1 3 5 8 23 28 32 
1 3 5 8 23 29 31 
1 3 5 8 23 60 
1 3 5 8 24 26 33 
1 3 5 8 24 27 32 
1 3 5 8 24 28 31 
1 3 5 8 24 59 
1 3 5 8 25 27 31 
1 3 5 8 25 28 30 
1 3 5 8 25 58 
1 3 5 8 26 57 
1 3 5 8 27 56 
1 3 5 8 28 55 
1 3 5 8 29 54 
1 3 5 8 30 53 
1 3 5 8 31 52 
1 3 5 8 32 51 
1 3 5 8 33 50 
1 3 5 8 34 49 
1 3 5 8 35 48 
1 3 5 8 36 47 
1 3 5 8 37 46 
1 3 5 8 38 45 
1 3 5 8 39 44 
1 3 5 8 40 43 
1 3 5 8 83 
1 3 5 9 11 13 15 17 26 
1 3 5 9 11 13 15 18 25 
1 3 5 9 11 13 15 19 24 
1 3 5 9 11 13 15 20 23 
1 3 5 9 11 13 15 43 
1 3 5 9 11 13 16 18 24 
1 3 5 9 11 13 16 19 23 
1 3 5 9 11 13 16 20 22 
1 3 5 9 11 13 16 42 
1 3 5 9 11 13 17 19 22 
1 3 5 9 11 13 17 41 
1 3 5 9 11 13 18 40 
1 3 5 9 11 13 19 39 
1 3 5 9 11 13 20 38 
1 3 5 9 11 13 21 37 
1 3 5 9 11 13 22 36 
1 3 5 9 11 13 23 35 
1 3 5 9 11 13 24 34 
1 3 5 9 11 13 25 33 
1 3 5 9 11 13 26 32 
1 3 5 9 11 13 27 31 
1 3 5 9 11 13 28 30 
1 3 5 9 11 13 58 
1 3 5 9 11 14 16 18 23 
1 3 5 9 11 14 16 19 22 
1 3 5 9 11 14 16 41 
1 3 5 9 11 14 17 19 21 
1 3 5 9 11 14 17 40 
1 3 5 9 11 14 18 39 
1 3 5 9 11 14 19 38 
1 3 5 9 11 14 20 37 
1 3 5 9 11 14 21 36 
1 3 5 9 11 14 22 35 
1 3 5 9 11 14 23 34 
1 3 5 9 11 14 24 33 
1 3 5 9 11 14 25 32 
1 3 5 9 11 14 26 31 
1 3 5 9 11 14 27 30 
1 3 5 9 11 14 57 
1 3 5 9 11 15 17 39 
1 3 5 9 11 15 18 38 
1 3 5 9 11 15 19 37 
1 3 5 9 11 15 20 36 
1 3 5 9 11 15 21 35 
1 3 5 9 11 15 22 34 
1 3 5 9 11 15 23 33 
1 3 5 9 11 15 24 32 
1 3 5 9 11 15 25 31 
1 3 5 9 11 15 26 30 
1 3 5 9 11 15 27 29 
1 3 5 9 11 15 56 
1 3 5 9 11 16 18 37 
1 3 5 9 11 16 19 36 
1 3 5 9 11 16 20 35 
1 3 5 9 11 16 21 34 
1 3 5 9 11 16 22 33 
1 3 5 9 11 16 23 32 
1 3 5 9 11 16 24 31 
1 3 5 9 11 16 25 30 
1 3 5 9 11 16 26 29 
1 3 5 9 11 16 55 
1 3 5 9 11 17 19 35 
1 3 5 9 11 17 20 34 
1 3 5 9 11 17 21 33 
1 3 5 9 11 17 22 32 
1 3 5 9 11 17 23 31 
1 3 5 9 11 17 24 30 
1 3 5 9 11 17 25 29 
1 3 5 9 11 17 26 28 
1 3 5 9 11 17 54 
1 3 5 9 11 18 20 33 
1 3 5 9 11 18 21 32 
1 3 5 9 11 18 22 31 
1 3 5 9 11 18 23 30 
1 3 5 9 11 18 24 29 
1 3 5 9 11 18 25 28 
1 3 5 9 11 18 53 
1 3 5 9 11 19 21 31 
1 3 5 9 11 19 22 30 
1 3 5 9 11 19 23 29 
1 3 5 9 11 19 24 28 
1 3 5 9 11 19 25 27 
1 3 5 9 11 19 52 
1 3 5 9 11 20 22 29 
1 3 5 9 11 20 23 28 
1 3 5 9 11 20 24 27 
1 3 5 9 11 20 51 
1 3 5 9 11 21 23 27 
1 3 5 9 11 21 24 26 
1 3 5 9 11 21 50 
1 3 5 9 11 22 49 
1 3 5 9 11 23 48 
1 3 5 9 11 24 47 
1 3 5 9 11 25 46 
1 3 5 9 11 26 45 
1 3 5 9 11 27 44 
1 3 5 9 11 28 43 
1 3 5 9 11 29 42 
1 3 5 9 11 30 41 
1 3 5 9 11 31 40 
1 3 5 9 11 32 39 
1 3 5 9 11 33 38 
1 3 5 9 11 34 37 
1 3 5 9 11 71 
1 3 5 9 12 14 16 18 22 
1 3 5 9 12 14 16 19 21 
1 3 5 9 12 14 16 40 
1 3 5 9 12 14 17 39 
1 3 5 9 12 14 18 38 
1 3 5 9 12 14 19 37 
1 3 5 9 12 14 20 36 
1 3 5 9 12 14 21 35 
1 3 5 9 12 14 22 34 
1 3 5 9 12 14 23 33 
1 3 5 9 12 14 24 32 
1 3 5 9 12 14 25 31 
1 3 5 9 12 14 26 30 
1 3 5 9 12 14 27 29 
1 3 5 9 12 14 56 
1 3 5 9 12 15 17 38 
1 3 5 9 12 15 18 37 
1 3 5 9 12 15 19 36 
1 3 5 9 12 15 20 35 
1 3 5 9 12 15 21 34 
1 3 5 9 12 15 22 33 
1 3 5 9 12 15 23 32 
1 3 5 9 12 15 24 31 
1 3 5 9 12 15 25 30 
1 3 5 9 12 15 26 29 
1 3 5 9 12 15 55 
1 3 5 9 12 16 18 36 
1 3 5 9 12 16 19 35 
1 3 5 9 12 16 20 34 
1 3 5 9 12 16 21 33 
1 3 5 9 12 16 22 32 
1 3 5 9 12 16 23 31 
1 3 5 9 12 16 24 30 
1 3 5 9 12 16 25 29 
1 3 5 9 12 16 26 28 
1 3 5 9 12 16 54 
1 3 5 9 12 17 19 34 
1 3 5 9 12 17 20 33 
1 3 5 9 12 17 21 32 
1 3 5 9 12 17 22 31 
1 3 5 9 12 17 23 30 
1 3 5 9 12 17 24 29 
1 3 5 9 12 17 25 28 
1 3 5 9 12 17 53 
1 3 5 9 12 18 20 32 
1 3 5 9 12 18 21 31 
1 3 5 9 12 18 22 30 
1 3 5 9 12 18 23 29 
1 3 5 9 12 18 24 28 
1 3 5 9 12 18 25 27 
1 3 5 9 12 18 52 
1 3 5 9 12 19 21 30 
1 3 5 9 12 19 22 29 
1 3 5 9 12 19 23 28 
1 3 5 9 12 19 24 27 
1 3 5 9 12 19 51 
1 3 5 9 12 20 22 28 
1 3 5 9 12 20 23 27 
1 3 5 9 12 20 24 26 
1 3 5 9 12 20 50 
1 3 5 9 12 21 23 26 
1 3 5 9 12 21 49 
1 3 5 9 12 22 48 
1 3 5 9 12 23 47 
1 3 5 9 12 24 46 
1 3 5 9 12 25 45 
1 3 5 9 12 26 44 
1 3 5 9 12 27 43 
1 3 5 9 12 28 42 
1 3 5 9 12 29 41 
1 3 5 9 12 30 40 
1 3 5 9 12 31 39 
1 3 5 9 12 32 38 
1 3 5 9 12 33 37 
1 3 5 9 12 34 36 
1 3 5 9 12 70 
1 3 5 9 13 15 17 37 
1 3 5 9 13 15 18 36 
1 3 5 9 13 15 19 35 
1 3 5 9 13 15 20 34 
1 3 5 9 13 15 21 33 
1 3 5 9 13 15 22 32 
1 3 5 9 13 15 23 31 
1 3 5 9 13 15 24 30 
1 3 5 9 13 15 25 29 
1 3 5 9 13 15 26 28 
1 3 5 9 13 15 54 
1 3 5 9 13 16 18 35 
1 3 5 9 13 16 19 34 
1 3 5 9 13 16 20 33 
1 3 5 9 13 16 21 32 
1 3 5 9 13 16 22 31 
1 3 5 9 13 16 23 30 
1 3 5 9 13 16 24 29 
1 3 5 9 13 16 25 28 
1 3 5 9 13 16 53 
1 3 5 9 13 17 19 33 
1 3 5 9 13 17 20 32 
1 3 5 9 13 17 21 31 
1 3 5 9 13 17 22 30 
1 3 5 9 13 17 23 29 
1 3 5 9 13 17 24 28 
1 3 5 9 13 17 25 27 
1 3 5 9 13 17 52 
1 3 5 9 13 18 20 31 
1 3 5 9 13 18 21 30 
1 3 5 9 13 18 22 29 
1 3 5 9 13 18 23 28 
1 3 5 9 13 18 24 27 
1 3 5 9 13 18 51 
1 3 5 9 13 19 21 29 
1 3 5 9 13 19 22 28 
1 3 5 9 13 19 23 27 
1 3 5 9 13 19 24 26 
1 3 5 9 13 19 50 
1 3 5 9 13 20 22 27 
1 3 5 9 13 20 23 26 
1 3 5 9 13 20 49 
1 3 5 9 13 21 23 25 
1 3 5 9 13 21 48 
1 3 5 9 13 22 47 
1 3 5 9 13 23 46 
1 3 5 9 13 24 45 
1 3 5 9 13 25 44 
1 3 5 9 13 26 43 
1 3 5 9 13 27 42 
1 3 5 9 13 28 41 
1 3 5 9 13 29 40 
1 3 5 9 13 30 39 
1 3 5 9 13 31 38 
1 3 5 9 13 32 37 
1 3 5 9 13 33 36 
1 3 5 9 13 69 
1 3 5 9 14 16 18 34 
1 3 5 9 14 16 19 33 
1 3 5 9 14 16 20 32 
1 3 5 9 14 16 21 31 
1 3 5 9 14 16 22 30 
1 3 5 9 14 16 23 29 
1 3 5 9 14 16 24 28 
1 3 5 9 14 16 25 27 
1 3 5 9 14 16 52 
1 3 5 9 14 17 19 32 
1 3 5 9 14 17 20 31 
1 3 5 9 14 17 21 30 
1 3 5 9 14 17 22 29 
1 3 5 9 14 17 23 28 
1 3 5 9 14 17 24 27 
1 3 5 9 14 17 51 
1 3 5 9 14 18 20 30 
1 3 5 9 14 18 21 29 
1 3 5 9 14 18 22 28 
1 3 5 9 14 18 23 27 
1 3 5 9 14 18 24 26 
1 3 5 9 14 18 50 
1 3 5 9 14 19 21 28 
1 3 5 9 14 19 22 27 
1 3 5 9 14 19 23 26 
1 3 5 9 14 19 49 
1 3 5 9 14 20 22 26 
1 3 5 9 14 20 23 25 
1 3 5 9 14 20 48 
1 3 5 9 14 21 47 
1 3 5 9 14 22 46 
1 3 5 9 14 23 45 
1 3 5 9 14 24 44 
1 3 5 9 14 25 43 
1 3 5 9 14 26 42 
1 3 5 9 14 27 41 
1 3 5 9 14 28 40 
1 3 5 9 14 29 39 
1 3 5 9 14 30 38 
1 3 5 9 14 31 37 
1 3 5 9 14 32 36 
1 3 5 9 14 33 35 
1 3 5 9 14 68 
1 3 5 9 15 17 19 31 
1 3 5 9 15 17 20 30 
1 3 5 9 15 17 21 29 
1 3 5 9 15 17 22 28 
1 3 5 9 15 17 23 27 
1 3 5 9 15 17 24 26 
1 3 5 9 15 17 50 
1 3 5 9 15 18 20 29 
1 3 5 9 15 18 21 28 
1 3 5 9 15 18 22 27 
1 3 5 9 15 18 23 26 
1 3 5 9 15 18 49 
1 3 5 9 15 19 21 27 
1 3 5 9 15 19 22 26 
1 3 5 9 15 19 23 25 
1 3 5 9 15 19 48 
1 3 5 9 15 20 22 25 
1 3 5 9 15 20 47 
1 3 5 9 15 21 46 
1 3 5 9 15 22 45 
1 3 5 9 15 23 44 
1 3 5 9 15 24 43 
1 3 5 9 15 25 42 
1 3 5 9 15 26 41 
1 3 5 9 15 27 40 
1 3 5 9 15 28 39 
1 3 5 9 15 29 38 
1 3 5 9 15 30 37 
1 3 5 9 15 31 36 
1 3 5 9 15 32 35 
1 3 5 9 15 67 
1 3 5 9 16 18 20 28 
1 3 5 9 16 18 21 27 
1 3 5 9 16 18 22 26 
1 3 5 9 16 18 23 25 
1 3 5 9 16 18 48 
1 3 5 9 16 19 21 26 
1 3 5 9 16 19 22 25 
1 3 5 9 16 19 47 
1 3 5 9 16 20 22 24 
1 3 5 9 16 20 46 
1 3 5 9 16 21 45 
1 3 5 9 16 22 44 
1 3 5 9 16 23 43 
1 3 5 9 16 24 42 
1 3 5 9 16 25 41 
1 3 5 9 16 26 40 
1 3 5 9 16 27 39 
1 3 5 9 16 28 38 
1 3 5 9 16 29 37 
1 3 5 9 16 30 36 
1 3 5 9 16 31 35 
1 3 5 9 16 32 34 
1 3 5 9 16 66 
1 3 5 9 17 19 21 25 
1 3 5 9 17 19 22 24 
1 3 5 9 17 19 46 
1 3 5 9 17 20 45 
1 3 5 9 17 21 44 
1 3 5 9 17 22 43 
1 3 5 9 17 23 42 
1 3 5 9 17 24 41 
1 3 5 9 17 25 40 
1 3 5 9 17 26 39 
1 3 5 9 17 27 38 
1 3 5 9 17 28 37 
1 3 5 9 17 29 36 
1 3 5 9 17 30 35 
1 3 5 9 17 31 34 
1 3 5 9 17 65 
1 3 5 9 18 20 44 
1 3 5 9 18 21 43 
1 3 5 9 18 22 42 
1 3 5 9 18 23 41 
1 3 5 9 18 24 40 
1 3 5 9 18 25 39 
1 3 5 9 18 26 38 
1 3 5 9 18 27 37 
1 3 5 9 18 28 36 
